#Bottom-up search
#2022-1-30 13:56:42 --  seed: 1646168895 	max_stride: auto (2%) 	arc_start: -2 	arc_end: -2 	closure: H
# index Adet_1 Adet_2	 start end length
0 	3 7	3_1	 374 144 270 	
1 	3 7	3_1	 115 384 269 	
2 	3 7	3_1	 356 153 297 	
3 	3 7	3_1	 114 414 300 	
4 	3 7	3_1	 349 153 304 	
5 	3 7	3_1	 106 415 309 	
6 	3 7	3_1	 110 407 297 	
7 	3 7	3_1	 117 390 273 	
8 	3 7	3_1	 119 376 257 	
9 	3 7	3_1	 125 411 286 	
10 	3 7	3_1	 119 405 286 	
11 	3 7	3_1	 117 380 263 	
12 	3 7	3_1	 119 364 245 	
13 	3 7	3_1	 125 365 240 	
14 	3 7	3_1	 112 348 236 	
15 	3 7	3_1	 109 359 250 	
16 	3 7	3_1	 113 359 246 	
17 	3 7	3_1	 111 365 254 	
18 	3 7	3_1	 106 366 260 	
19 	3 7	3_1	 113 374 261 	
20 	3 7	3_1	 111 367 256 	
21 	3 7	3_1	 113 374 261 	
22 	3 7	3_1	 331 93 262 	
23 	3 7	3_1	 88 370 282 	
24 	3 7	3_1	 84 370 286 	
25 	3 7	3_1	 85 368 283 	
26 	3 7	3_1	 89 360 271 	
27 	3 7	3_1	 90 359 269 	
28 	3 7	3_1	 86 371 285 	
29 	3 7	3_1	 92 372 280 	
30 	3 7	3_1	 90 374 284 	
31 	3 7	3_1	 94 371 277 	
32 	3 7	3_1	 88 377 289 	
33 	3 7	3_1	 99 374 275 	
34 	3 7	3_1	 99 379 280 	
35 	3 7	3_1	 99 365 266 	
36 	3 7	3_1	 100 351 251 	
37 	3 7	3_1	 103 360 257 	
38 	3 7	3_1	 99 356 257 	
39 	3 7	3_1	 89 362 273 	
40 	3 7	3_1	 88 359 271 	
41 	3 7	3_1	 88 362 274 	
42 	3 7	3_1	 102 361 259 	
43 	3 7	3_1	 91 346 255 	
44 	3 7	3_1	 93 359 266 	
45 	3 7	3_1	 84 354 270 	
46 	3 7	3_1	 95 352 257 	
47 	3 7	3_1	 105 352 247 	
48 	3 7	3_1	 95 347 252 	
49 	3 7	3_1	 100 349 249 	
50 	3 7	3_1	 96 351 255 	
51 	3 7	3_1	 98 355 257 	
52 	3 7	3_1	 103 355 252 	
53 	3 7	3_1	 96 353 257 	
54 	3 7	3_1	 88 358 270 	
55 	3 7	3_1	 90 350 260 	
56 	3 7	3_1	 84 345 261 	
57 	3 7	3_1	 86 354 268 	
58 	3 7	3_1	 92 349 257 	
59 	3 7	3_1	 95 354 259 	
60 	3 7	3_1	 95 349 254 	
61 	3 7	3_1	 81 347 266 	
62 	3 7	3_1	 84 354 270 	
63 	3 7	3_1	 98 365 267 	
64 	3 7	3_1	 97 359 262 	
65 	3 7	3_1	 91 360 269 	
66 	3 7	3_1	 83 360 277 	
67 	3 7	3_1	 90 359 269 	
68 	3 7	3_1	 107 356 249 	
69 	3 7	3_1	 106 359 253 	
70 	3 7	3_1	 98 349 251 	
71 	3 7	3_1	 88 355 267 	
72 	3 7	3_1	 87 357 270 	
73 	3 7	3_1	 98 354 256 	
74 	3 7	3_1	 97 356 259 	
75 	3 7	3_1	 100 360 260 	
76 	3 7	3_1	 102 360 258 	
77 	3 7	3_1	 103 355 252 	
78 	3 7	3_1	 104 360 256 	
79 	3 7	3_1	 100 358 258 	
80 	3 7	3_1	 108 362 254 	
81 	3 7	3_1	 111 367 256 	
82 	3 7	3_1	 100 356 256 	
83 	3 7	3_1	 106 362 256 	
84 	3 7	3_1	 103 358 255 	
85 	3 7	3_1	 92 354 262 	
86 	3 7	3_1	 97 353 256 	
87 	3 7	3_1	 94 351 257 	
88 	3 7	3_1	 108 366 258 	
89 	3 7	3_1	 94 354 260 	
90 	3 7	3_1	 96 355 259 	
91 	3 7	3_1	 105 356 251 	
92 	3 7	3_1	 107 351 244 	
93 	3 7	3_1	 114 361 247 	
94 	3 7	3_1	 115 352 237 	
95 	3 7	3_1	 107 349 242 	
96 	3 7	3_1	 121 361 240 	
97 	3 7	3_1	 115 356 241 	
98 	3 7	3_1	 115 351 236 	
99 	3 7	3_1	 116 342 226 	
100 	3 7	3_1	 129 348 219 	
101 	3 7	3_1	 118 345 227 	
102 	3 7	3_1	 118 339 221 	
103 	3 7	3_1	 116 342 226 	
104 	3 7	3_1	 122 347 225 	
105 	3 7	3_1	 123 354 231 	
106 	3 7	3_1	 127 352 225 	
107 	3 7	3_1	 124 351 227 	
108 	3 7	3_1	 130 346 216 	
109 	3 7	3_1	 130 345 215 	
110 	3 7	3_1	 126 342 216 	
111 	3 7	3_1	 133 347 214 	
112 	3 7	3_1	 130 350 220 	
113 	3 7	3_1	 134 356 222 	
114 	3 7	3_1	 131 345 214 	
115 	3 7	3_1	 131 348 217 	
116 	3 7	3_1	 141 354 213 	
117 	3 7	3_1	 134 352 218 	
118 	3 7	3_1	 144 353 209 	
119 	3 7	3_1	 137 351 214 	
120 	3 7	3_1	 137 344 207 	
121 	3 7	3_1	 135 344 209 	
122 	3 7	3_1	 136 346 210 	
123 	3 7	3_1	 133 338 205 	
124 	3 7	3_1	 145 335 190 	
125 	3 7	3_1	 141 334 193 	
126 	3 7	3_1	 143 347 204 	
127 	3 7	3_1	 145 339 194 	
128 	3 7	3_1	 148 340 192 	
129 	3 7	3_1	 140 341 201 	
130 	3 7	3_1	 131 347 216 	
131 	3 7	3_1	 137 344 207 	
132 	3 7	3_1	 132 337 205 	
133 	3 7	3_1	 145 346 201 	
134 	3 7	3_1	 142 332 190 	
135 	3 7	3_1	 145 337 192 	
136 	3 7	3_1	 130 336 206 	
137 	3 7	3_1	 131 336 205 	
138 	3 7	3_1	 135 336 201 	
139 	3 7	3_1	 128 329 201 	
140 	3 7	3_1	 129 334 205 	
141 	3 7	3_1	 147 351 204 	
142 	3 7	3_1	 154 331 177 	
143 	3 7	3_1	 125 327 202 	
144 	3 7	3_1	 129 336 207 	
145 	3 7	3_1	 126 334 208 	
146 	3 7	3_1	 135 330 195 	
147 	3 7	3_1	 125 325 200 	
148 	3 7	3_1	 132 325 193 	
149 	3 7	3_1	 130 326 196 	
150 	3 7	3_1	 128 327 199 	
151 	3 7	3_1	 125 324 199 	
152 	3 7	3_1	 126 324 198 	
153 	3 7	3_1	 123 323 200 	
154 	3 7	3_1	 124 327 203 	
155 	3 7	3_1	 122 325 203 	
156 	3 7	3_1	 125 335 210 	
157 	3 7	3_1	 126 331 205 	
158 	3 7	3_1	 127 334 207 	
159 	3 7	3_1	 118 338 220 	
160 	3 7	3_1	 116 335 219 	
161 	3 7	3_1	 113 333 220 	
162 	3 7	3_1	 114 337 223 	
163 	3 7	3_1	 121 338 217 	
164 	3 7	3_1	 120 332 212 	
165 	3 7	3_1	 120 339 219 	
166 	3 7	3_1	 121 342 221 	
167 	3 7	3_1	 126 337 211 	
168 	3 7	3_1	 145 348 203 	
169 	3 7	3_1	 120 338 218 	
170 	3 7	3_1	 125 338 213 	
171 	3 7	3_1	 123 334 211 	
172 	3 7	3_1	 119 340 221 	
173 	3 7	3_1	 124 339 215 	
174 	3 7	3_1	 131 334 203 	
175 	3 7	3_1	 129 342 213 	
176 	3 7	3_1	 114 335 221 	
177 	3 7	3_1	 113 334 221 	
178 	3 7	3_1	 112 339 227 	
179 	3 7	3_1	 102 337 235 	
180 	3 7	3_1	 117 326 209 	
181 	3 7	3_1	 114 332 218 	
182 	3 7	3_1	 105 321 216 	
183 	3 7	3_1	 98 319 221 	
184 	3 7	3_1	 96 324 228 	
185 	3 7	3_1	 98 324 226 	
186 	3 7	3_1	 90 330 240 	
187 	3 7	3_1	 93 330 237 	
188 	3 7	3_1	 95 339 244 	
189 	3 7	3_1	 92 348 256 	
190 	3 7	3_1	 94 338 244 	
191 	3 7	3_1	 99 342 243 	
192 	3 7	3_1	 95 340 245 	
193 	3 7	3_1	 105 334 229 	
194 	3 7	3_1	 98 339 241 	
195 	3 7	3_1	 107 335 228 	
196 	3 7	3_1	 104 338 234 	
197 	3 7	3_1	 104 348 244 	
198 	3 7	3_1	 103 345 242 	
199 	3 7	3_1	 103 352 249 	
200 	3 7	3_1	 105 353 248 	
201 	3 7	3_1	 113 346 233 	
202 	3 7	3_1	 108 343 235 	
203 	3 7	3_1	 104 348 244 	
204 	3 7	3_1	 107 348 241 	
205 	3 7	3_1	 105 346 241 	
206 	3 7	3_1	 105 346 241 	
207 	3 7	3_1	 112 345 233 	
208 	3 7	3_1	 108 344 236 	
209 	3 7	3_1	 117 350 233 	
210 	3 7	3_1	 113 348 235 	
211 	3 7	3_1	 112 353 241 	
212 	3 7	3_1	 125 348 223 	
213 	3 7	3_1	 132 353 221 		3 7	3_1	 139 360 221 	
214 	3 7	3_1	 127 349 222 	
215 	3 7	3_1	 133 363 230 	
216 	3 7	3_1	 127 352 225 	
217 	3 7	3_1	 130 354 224 	
218 	3 7	3_1	 128 356 228 	
219 	3 7	3_1	 126 348 222 	
220 	3 7	3_1	 136 354 218 	
221 	3 7	3_1	 127 347 220 	
222 	3 7	3_1	 128 341 213 	
223 	3 7	3_1	 136 346 210 	
224 	3 7	3_1	 137 349 212 	
225 	3 7	3_1	 122 342 220 	
226 	3 7	3_1	 124 337 213 	
227 	3 7	3_1	 121 346 225 	
228 	3 7	3_1	 114 349 235 	
229 	3 7	3_1	 128 377 249 	
230 	3 7	3_1	 120 352 232 	
231 	3 7	3_1	 125 359 234 	
232 	3 7	3_1	 128 362 234 	
233 	3 7	3_1	 124 373 249 	
234 	3 7	3_1	 127 366 239 	
235 	3 7	3_1	 123 370 247 	
236 	3 7	3_1	 123 373 250 	
237 	3 7	3_1	 131 365 234 	
238 	3 7	3_1	 138 365 227 	
239 	3 7	3_1	 142 371 229 	
240 	3 7	3_1	 142 363 221 	
241 	3 7	3_1	 154 357 203 	
242 	3 7	3_1	 170 375 205 	
243 	3 7	3_1	 163 367 204 	
244 	3 7	3_1	 171 362 191 	
245 	3 7	3_1	 161 362 201 	
246 	3 7	3_1	 158 354 196 	
247 	3 7	3_1	 158 361 203 	
248 	3 7	3_1	 170 361 191 		3 7	3_1	 177 368 191 	
249 	3 7	3_1	 170 356 186 	
250 	3 7	3_1	 173 360 187 	
251 	3 7	3_1	 175 372 197 		3 7	3_1	 183 380 197 	
252 	3 7	3_1	 174 381 207 	
253 	3 7	3_1	 184 370 186 	
254 	3 7	3_1	 184 390 206 	
255 	3 7	3_1	 172 386 214 	
256 	3 7	3_1	 182 396 214 	
257 	3 7	3_1	 173 385 212 	
258 	3 7	3_1	 173 393 220 	
259 	3 7	3_1	 171 387 216 	
260 	3 7	3_1	 167 390 223 	
261 	3 7	3_1	 172 385 213 	
262 	3 7	3_1	 170 385 215 	
263 	3 7	3_1	 176 382 206 	
264 	3 7	3_1	 177 385 208 	
265 	3 7	3_1	 166 392 226 	
266 	3 7	3_1	 170 387 217 	
267 	3 7	3_1	 177 385 208 	
268 	3 7	3_1	 164 381 217 	
269 	3 7	3_1	 168 383 215 	
270 	3 7	3_1	 168 388 220 	
271 	3 7	3_1	 173 385 212 	
272 	3 7	3_1	 168 387 219 	
273 	3 7	3_1	 171 385 214 	
274 	3 7	3_1	 163 380 217 	
275 	3 7	3_1	 163 383 220 	
276 	3 7	3_1	 161 377 216 	
277 	3 7	3_1	 168 371 203 	
278 	3 7	3_1	 177 378 201 	
279 	3 7	3_1	 166 377 211 	
280 	3 7	3_1	 168 377 209 	
281 	3 7	3_1	 163 381 218 	
282 	3 7	3_1	 163 382 219 	
283 	3 7	3_1	 170 384 214 	
284 	3 7	3_1	 160 393 233 	
285 	3 7	3_1	 163 389 226 	
286 	3 7	3_1	 153 386 233 	
287 	3 7	3_1	 168 390 222 	
288 	3 7	3_1	 161 397 236 	
289 	3 7	3_1	 164 385 221 	
290 	3 7	3_1	 165 389 224 	
291 	3 7	3_1	 165 389 224 	
292 	3 7	3_1	 163 382 219 	
293 	3 7	3_1	 158 391 233 	
294 	3 7	3_1	 168 393 225 	
295 	3 7	3_1	 166 402 236 	
296 	3 7	3_1	 158 392 234 	
297 	3 7	3_1	 176 400 224 	
298 	3 7	3_1	 176 405 229 	
299 	3 7	3_1	 172 400 228 	
300 	3 7	3_1	 162 383 221 	
301 	3 7	3_1	 163 396 233 	
302 	3 7	3_1	 167 389 222 	
303 	3 7	3_1	 171 398 227 	
304 	3 7	3_1	 166 390 224 	
305 	3 7	3_1	 165 385 220 	
306 	3 7	3_1	 156 389 233 	
307 	3 7	3_1	 155 394 239 	
308 	3 7	3_1	 164 390 226 	
309 	3 7	3_1	 161 392 231 	
310 	3 7	3_1	 154 391 237 	
311 	3 7	3_1	 155 389 234 	
312 	3 7	3_1	 164 389 225 	
313 	3 7	3_1	 169 389 220 	
314 	3 7	3_1	 169 382 213 	
315 	3 7	3_1	 159 378 219 	
316 	3 7	3_1	 166 377 211 	
317 	3 7	3_1	 164 380 216 	
318 	3 7	3_1	 177 392 215 	
319 	3 7	3_1	 173 387 214 	
320 	3 7	3_1	 184 391 207 	
321 	3 7	3_1	 179 389 210 	
322 	3 7	3_1	 176 392 216 	
323 	3 7	3_1	 180 388 208 	
324 	3 7	3_1	 181 396 215 	
325 	3 7	3_1	 179 388 209 	
326 	3 7	3_1	 169 385 216 	
327 	3 7	3_1	 177 386 209 	
328 	3 7	3_1	 165 378 213 	
329 	3 7	3_1	 167 380 213 	
330 	3 7	3_1	 169 378 209 	
331 	3 7	3_1	 168 381 213 	
332 	3 7	3_1	 163 381 218 	
333 	3 7	3_1	 167 381 214 	
334 	3 7	3_1	 173 383 210 	
335 	3 7	3_1	 174 379 205 	
336 	3 7	3_1	 178 377 199 	
337 	3 7	3_1	 172 387 215 	
338 	3 7	3_1	 170 399 229 	
339 	3 7	3_1	 183 388 205 	
340 	3 7	3_1	 184 386 202 	
341 	3 7	3_1	 187 392 205 	
342 	3 7	3_1	 183 389 206 	
343 	3 7	3_1	 178 400 222 	
344 	3 7	3_1	 183 394 211 	
345 	3 7	3_1	 180 393 213 	
346 	3 7	3_1	 187 389 202 	
347 	3 7	3_1	 188 381 193 	
348 	3 7	3_1	 196 376 180 	
349 	3 7	3_1	 189 372 183 	
350 	3 7	3_1	 193 375 182 	
351 	3 7	3_1	 189 373 184 	
352 	3 7	3_1	 192 370 178 	
353 	3 7	3_1	 188 374 186 	
354 	3 7	3_1	 197 383 186 	
355 	3 7	3_1	 191 376 185 	
356 	3 7	3_1	 190 390 200 	
357 	3 7	3_1	 187 385 198 	
358 	3 7	3_1	 182 378 196 	
359 	3 7	3_1	 182 370 188 	
360 	3 7	3_1	 181 379 198 	
361 	3 7	3_1	 185 377 192 	
362 	3 7	3_1	 187 371 184 	
363 	3 7	3_1	 191 369 178 	
364 	3 7	3_1	 181 373 192 	
365 	3 7	3_1	 191 396 205 	
366 	3 7	3_1	 190 377 187 	
367 	3 7	3_1	 183 378 195 	
368 	3 7	3_1	 187 374 187 	
369 	3 7	3_1	 184 387 203 	
370 	3 7	3_1	 178 406 228 	
371 	3 7	3_1	 180 403 223 	
372 	3 7	3_1	 184 397 213 	
373 	3 7	3_1	 182 398 216 	
374 	3 7	3_1	 172 403 231 	
375 	3 7	3_1	 178 402 224 	
376 	3 7	3_1	 182 391 209 	
377 	3 7	3_1	 181 396 215 	
378 	3 7	3_1	 173 387 214 	
379 	3 7	3_1	 179 400 221 	
380 	3 7	3_1	 176 410 234 	
381 	3 7	3_1	 172 404 232 	
382 	3 7	3_1	 169 392 223 	
383 	3 7	3_1	 157 390 233 	
384 	3 7	3_1	 174 392 218 	
385 	3 7	3_1	 162 394 232 	
386 	3 7	3_1	 169 394 225 	
387 	3 7	3_1	 170 398 228 	
388 	3 7	3_1	 168 388 220 	
389 	3 7	3_1	 172 388 216 	
390 	3 7	3_1	 170 389 219 	
391 	3 7	3_1	 169 379 210 	
392 	3 7	3_1	 165 381 216 	
393 	3 7	3_1	 164 384 220 	
394 	3 7	3_1	 180 394 214 	
395 	3 7	3_1	 176 387 211 	
396 	3 7	3_1	 182 393 211 		3 7	3_1	 191 402 211 	
397 	3 7	3_1	 179 395 216 	
398 	3 7	3_1	 191 400 209 	
399 	3 7	3_1	 192 412 220 	
400 	3 7	3_1	 185 394 209 	
401 	3 7	3_1	 192 411 219 	
402 	3 7	3_1	 176 401 225 	
403 	3 7	3_1	 178 395 217 	
404 	3 7	3_1	 184 394 210 	
405 	3 7	3_1	 188 387 199 	
406 	3 7	3_1	 180 397 217 	
407 	3 7	3_1	 180 393 213 	
408 	3 7	3_1	 177 389 212 	
409 	3 7	3_1	 170 393 223 	
410 	3 7	3_1	 184 389 205 	
411 	3 7	3_1	 180 385 205 	
412 	3 7	3_1	 177 392 215 	
413 	3 7	3_1	 177 388 211 	
414 	3 7	3_1	 185 398 213 	
415 	3 7	3_1	 178 387 209 	
416 	3 7	3_1	 178 396 218 	
417 	3 7	3_1	 178 399 221 	
418 	3 7	3_1	 172 399 227 	
419 	3 7	3_1	 174 400 226 	
420 	3 7	3_1	 169 409 240 	
421 	3 7	3_1	 171 409 238 	
422 	3 7	3_1	 173 402 229 	
423 	3 7	3_1	 182 390 208 	
424 	3 7	3_1	 178 394 216 	
425 	3 7	3_1	 172 396 224 	
426 	3 7	3_1	 175 403 228 	
427 	3 7	3_1	 176 402 226 	
428 	3 7	3_1	 175 405 230 	
429 	3 7	3_1	 170 415 245 	
430 	3 7	3_1	 179 416 237 	
431 	3 7	3_1	 174 419 245 	
432 	3 7	3_1	 176 419 243 	
433 	3 7	3_1	 175 410 235 	
434 	3 7	3_1	 177 411 234 	
435 	3 7	3_1	 181 391 210 	
436 	3 7	3_1	 177 396 219 	
437 	3 7	3_1	 183 401 218 	
438 	3 7	3_1	 182 408 226 	
439 	3 7	3_1	 184 399 215 	
440 	3 7	3_1	 188 408 220 	
441 	3 7	3_1	 186 405 219 	
442 	3 7	3_1	 176 403 227 	
443 	3 7	3_1	 172 393 221 	
444 	3 7	3_1	 184 401 217 	
445 	3 7	3_1	 179 391 212 	
446 	3 7	3_1	 177 388 211 		3 7	3_1	 185 396 211 	
447 	3 7	3_1	 181 401 220 	
448 	3 7	3_1	 180 406 226 	
449 	3 7	3_1	 176 394 218 	
450 	3 7	3_1	 178 403 225 	
451 	3 7	3_1	 178 404 226 	
452 	3 7	3_1	 174 404 230 	
453 	3 7	3_1	 172 416 244 	
454 	3 7	3_1	 184 398 214 	
455 	3 7	3_1	 194 402 208 	
456 	3 7	3_1	 183 404 221 	
457 	3 7	3_1	 178 401 223 	
458 	3 7	3_1	 181 399 218 	
459 	3 7	3_1	 181 393 212 	
460 	3 7	3_1	 180 400 220 	
461 	3 7	3_1	 178 397 219 	
462 	3 7	3_1	 177 397 220 	
463 	3 7	3_1	 183 404 221 	
464 	3 7	3_1	 195 409 214 	
465 	3 7	3_1	 309 420 111 	
466 	3 7	3_1	 203 411 208 	
467 	3 7	3_1	 203 396 193 	
468 	3 7	3_1	 203 403 200 	
469 	3 7	3_1	 203 406 203 	
470 	3 7	3_1	 194 415 221 	
471 	3 7	3_1	 191 389 198 	
472 	3 7	3_1	 203 401 198 	
473 	3 7	3_1	 208 396 188 	
474 	3 7	3_1	 206 407 201 	
475 	3 7	3_1	 209 398 189 	
476 	3 7	3_1	 193 403 210 	
477 	3 7	3_1	 195 396 201 	
478 	3 7	3_1	 205 399 194 	
479 	3 7	3_1	 201 403 202 	
480 	3 7	3_1	 200 405 205 	
481 	3 7	3_1	 200 411 211 	
482 	3 7	3_1	 194 412 218 	
483 	3 7	3_1	 194 413 219 	
484 	3 7	3_1	 187 409 222 	
485 	3 7	3_1	 194 411 217 	
486 	3 7	3_1	 198 422 224 	
487 	3 7	3_1	 202 417 215 	
488 	3 7	3_1	 205 405 200 	
489 	3 7	3_1	 201 415 214 	
490 	3 7	3_1	 208 417 209 	
491 	3 7	3_1	 222 421 199 	
492 	3 7	3_1	 214 414 200 	
493 	3 7	3_1	 218 420 202 	
494 	3 7	3_1	 225 410 185 	
495 	3 7	3_1	 217 405 188 	
496 	3 7	3_1	 218 415 197 	
497 	3 7	3_1	 224 414 190 	
498 	3 7	3_1	 216 422 206 	
499 	3 7	3_1	 218 424 206 	
500 	3 7	3_1	 208 417 209 	
501 	3 7	3_1	 221 413 192 	
502 	3 7	3_1	 207 407 200 	
503 	3 7	3_1	 220 408 188 	
504 	3 7	3_1	 226 410 184 	
505 	3 7	3_1	 234 414 180 	
506 	3 7	3_1	 215 413 198 	
507 	3 7	3_1	 208 409 201 	
508 	3 7	3_1	 215 409 194 	
509 	3 7	3_1	 227 420 193 	
510 	3 7	3_1	 223 428 205 	
511 	3 7	3_1	 224 433 209 	
512 	3 7	3_1	 221 435 214 	
513 	3 7	3_1	 225 436 211 	
514 	3 7	3_1	 234 445 211 	
515 	3 7	3_1	 234 442 208 	
516 	3 7	3_1	 226 437 211 	
517 	3 7	3_1	 227 438 211 	
518 	3 7	3_1	 220 433 213 	
519 	3 7	3_1	 215 429 214 	
520 	3 7	3_1	 214 431 217 	
521 	3 7	3_1	 217 433 216 	
522 	3 7	3_1	 219 430 211 	
523 	3 7	3_1	 212 436 224 	
524 	3 7	3_1	 215 426 211 	
525 	3 7	3_1	 222 422 200 	
526 	3 7	3_1	 221 422 201 	
527 	3 7	3_1	 216 414 198 	
528 	3 7	3_1	 218 417 199 	
529 	3 7	3_1	 212 409 197 	
530 	3 7	3_1	 219 416 197 	
531 	3 7	3_1	 211 415 204 	
532 	3 7	3_1	 202 412 210 	
533 	3 7	3_1	 208 412 204 	
534 	3 7	3_1	 197 408 211 	
535 	3 7	3_1	 213 412 199 	
536 	3 7	3_1	 215 416 201 	
537 	3 7	3_1	 230 413 183 	
538 	3 7	3_1	 222 416 194 	
539 	3 7	3_1	 232 426 194 	
540 	3 7	3_1	 233 427 194 	
541 	3 7	3_1	 225 414 189 	
542 	3 7	3_1	 228 415 187 	
543 	3 7	3_1	 231 415 184 	
544 	3 7	3_1	 227 419 192 	
545 	3 7	3_1	 228 418 190 	
546 	3 7	3_1	 229 431 202 	
547 	3 7	3_1	 227 426 199 	
548 	3 7	3_1	 228 427 199 	
549 	3 7	3_1	 230 428 198 	
550 	3 7	3_1	 238 428 190 	
551 	3 7	3_1	 228 432 204 	
552 	3 7	3_1	 231 432 201 	
553 	3 7	3_1	 237 423 186 	
554 	3 7	3_1	 237 423 186 	
555 	3 7	3_1	 228 425 197 	
556 	3 7	3_1	 227 425 198 	
557 	3 7	3_1	 224 428 204 	
558 	3 7	3_1	 217 421 204 	
559 	3 7	3_1	 214 411 197 	
560 	3 7	3_1	 218 411 193 	
561 	3 7	3_1	 221 422 201 	
562 	3 7	3_1	 217 423 206 	
563 	3 7	3_1	 221 423 202 	
564 	3 7	3_1	 220 431 211 	
565 	3 7	3_1	 219 428 209 	
566 	3 7	3_1	 220 435 215 	
567 	3 7	3_1	 215 436 221 	
568 	3 7	3_1	 206 429 223 	
569 	3 7	3_1	 219 430 211 	
570 	3 7	3_1	 213 428 215 	
571 	3 7	3_1	 218 435 217 	
572 	3 7	3_1	 216 437 221 	
573 	3 7	3_1	 212 437 225 	
574 	3 7	3_1	 207 439 232 	
575 	3 7	3_1	 206 438 232 	
576 	3 7	3_1	 212 433 221 	
577 	3 7	3_1	 205 437 232 	
578 	3 7	3_1	 210 445 235 	
579 	3 7	3_1	 206 443 237 	
580 	3 7	3_1	 206 445 239 	
581 	3 7	3_1	 207 442 235 	
582 	3 7	3_1	 203 441 238 	
583 	3 7	3_1	 206 442 236 	
584 	3 7	3_1	 205 448 243 	
585 	3 7	3_1	 199 440 241 	
586 	3 7	3_1	 217 437 220 	
587 	3 7	3_1	 205 431 226 	
588 	3 7	3_1	 221 440 219 	
589 	3 7	3_1	 218 448 230 	
590 	3 7	3_1	 216 442 226 	
591 	3 7	3_1	 216 436 220 	
592 	3 7	3_1	 214 431 217 	
593 	3 7	3_1	 211 434 223 	
594 	3 7	3_1	 210 424 214 	
595 	3 7	3_1	 208 419 211 	
596 	3 7	3_1	 215 437 222 	
597 	3 7	3_1	 207 434 227 	
598 	3 7	3_1	 208 442 234 	
599 	3 7	3_1	 215 433 218 	
600 	3 7	3_1	 220 430 210 	
601 	3 7	3_1	 224 432 208 	
602 	3 7	3_1	 216 428 212 	
603 	3 7	3_1	 207 421 214 	
604 	3 7	3_1	 198 426 228 	
605 	3 7	3_1	 205 426 221 	
606 	3 7	3_1	 208 426 218 	
607 	3 7	3_1	 209 418 209 	
608 	3 7	3_1	 207 415 208 	
609 	3 7	3_1	 202 416 214 	
610 	3 7	3_1	 192 421 229 	
611 	3 7	3_1	 199 422 223 	
612 	3 7	3_1	 198 427 229 	
613 	3 7	3_1	 194 431 237 	
614 	3 7	3_1	 209 430 221 	
615 	3 7	3_1	 207 436 229 	
616 	3 7	3_1	 212 441 229 	
617 	3 7	3_1	 217 432 215 	
618 	3 7	3_1	 208 426 218 	
619 	3 7	3_1	 195 433 238 	
620 	3 7	3_1	 192 417 225 	
621 	3 7	3_1	 193 421 228 	
622 	3 7	3_1	 185 421 236 		3 7	3_1	 195 431 236 	
623 	3 7	3_1	 193 431 238 	
624 	3 7	3_1	 196 425 229 	
625 	3 7	3_1	 189 419 230 	
626 	3 7	3_1	 196 424 228 	
627 	3 7	3_1	 195 422 227 	
628 	3 7	3_1	 202 424 222 	
629 	3 7	3_1	 197 426 229 	
630 	3 7	3_1	 186 411 225 	
631 	3 7	3_1	 191 422 231 	
632 	3 7	3_1	 188 425 237 	
633 	3 7	3_1	 190 422 232 	
634 	3 7	3_1	 184 425 241 	
635 	3 7	3_1	 189 426 237 	
636 	3 7	3_1	 189 434 245 	
637 	3 7	3_1	 186 420 234 	
638 	3 7	3_1	 183 422 239 	
639 	3 7	3_1	 188 421 233 	
640 	3 7	3_1	 188 415 227 	
641 	3 7	3_1	 188 425 237 	
642 	3 7	3_1	 188 432 244 		3 7	3_1	 196 440 244 	
643 	3 7	3_1	 196 430 234 	
644 	3 7	3_1	 198 433 235 	
645 	3 7	3_1	 186 429 243 	
646 	3 7	3_1	 182 431 249 	
647 	3 7	3_1	 185 429 244 	
648 	3 7	3_1	 183 431 248 	
649 	3 7	3_1	 192 418 226 	
650 	3 7	3_1	 183 426 243 		3 7	3_1	 188 431 243 	
651 	3 7	3_1	 186 431 245 	
652 	3 7	3_1	 188 428 240 	
653 	3 7	3_1	 175 434 259 	
654 	3 7	3_1	 180 429 249 	
655 	3 7	3_1	 170 427 257 	
656 	3 7	3_1	 174 426 252 	
657 	3 7	3_1	 175 431 256 	
658 	3 7	3_1	 187 433 246 	
659 	3 7	3_1	 180 431 251 	
660 	3 7	3_1	 191 428 237 	
661 	3 7	3_1	 185 430 245 	
662 	3 7	3_1	 183 418 235 	
663 	3 7	3_1	 186 420 234 	
664 	3 7	3_1	 181 416 235 	
665 	3 7	3_1	 191 415 224 	
666 	3 7	3_1	 195 421 226 	
667 	3 7	3_1	 188 412 224 	
668 	3 7	3_1	 186 411 225 	
669 	3 7	3_1	 192 419 227 	
670 	3 7	3_1	 194 423 229 	
671 	3 7	3_1	 195 421 226 	
672 	3 7	3_1	 201 418 217 	
673 	3 7	3_1	 200 417 217 	
674 	3 7	3_1	 199 412 213 		3 7	3_1	 206 419 213 	
675 	3 7	3_1	 204 421 217 	
676 	3 7	3_1	 209 420 211 	
677 	3 7	3_1	 204 413 209 	
678 	3 7	3_1	 202 409 207 	
679 	3 7	3_1	 202 401 199 	
680 	3 7	3_1	 205 412 207 	
681 	3 7	3_1	 197 415 218 	
682 	3 7	3_1	 198 408 210 	
683 	3 7	3_1	 192 419 227 	
684 	3 7	3_1	 195 418 223 	
685 	3 7	3_1	 199 415 216 	
686 	3 7	3_1	 195 410 215 	
687 	3 7	3_1	 201 415 214 	
688 	3 7	3_1	 204 413 209 	
689 	3 7	3_1	 200 418 218 	
690 	3 7	3_1	 203 419 216 	
691 	3 7	3_1	 201 413 212 	
692 	3 7	3_1	 197 415 218 	
693 	3 7	3_1	 195 412 217 		3 7	3_1	 203 420 217 	
694 	3 7	3_1	 192 409 217 	
695 	3 7	3_1	 195 408 213 	
696 	3 7	3_1	 195 409 214 	
697 	3 7	3_1	 205 411 206 	
698 	3 7	3_1	 201 410 209 	
699 	3 7	3_1	 199 407 208 	
700 	3 7	3_1	 198 411 213 	
701 	3 7	3_1	 207 412 205 	
702 	3 7	3_1	 196 414 218 		3 7	3_1	 204 422 218 	
703 	3 7	3_1	 196 410 214 	
704 	3 7	3_1	 304 453 149 	
705 	3 7	3_1	 199 407 208 	
706 	3 7	3_1	 209 395 186 	
707 	3 7	3_1	 202 399 197 	
708 	3 7	3_1	 202 401 199 	
709 	3 7	3_1	 196 402 206 	
710 	3 7	3_1	 188 387 199 	
711 	3 7	3_1	 201 397 196 	
712 	3 7	3_1	 198 391 193 	
713 	3 7	3_1	 192 404 212 	
714 	3 7	3_1	 204 408 204 	
715 	3 7	3_1	 204 412 208 	
716 	3 7	3_1	 195 410 215 	
717 	3 7	3_1	 201 409 208 	
718 	3 7	3_1	 206 415 209 	
719 	3 7	3_1	 197 408 211 	
720 	3 7	3_1	 198 416 218 	
721 	3 7	3_1	 185 418 233 	
722 	3 7	3_1	 194 420 226 	
723 	3 7	3_1	 191 422 231 	
724 	3 7	3_1	 184 409 225 	
725 	3 7	3_1	 189 419 230 	
726 	3 7	3_1	 190 420 230 	
727 	3 7	3_1	 196 425 229 	
728 	3 7	3_1	 194 423 229 	
729 	3 7	3_1	 201 419 218 	
730 	3 7	3_1	 198 418 220 	
731 	3 7	3_1	 199 417 218 	
732 	3 7	3_1	 202 429 227 	
733 	3 7	3_1	 200 422 222 	
734 	3 7	3_1	 193 423 230 	
735 	3 7	3_1	 201 421 220 	
736 	3 7	3_1	 198 413 215 	
737 	3 7	3_1	 188 412 224 	
738 	3 7	3_1	 188 408 220 	
739 	3 7	3_1	 188 404 216 	
740 	3 7	3_1	 195 409 214 	
741 	3 7	3_1	 199 418 219 	
742 	3 7	3_1	 197 407 210 	
743 	3 7	3_1	 201 413 212 	
744 	3 7	3_1	 209 409 200 	
745 	3 7	3_1	 201 406 205 	
746 	3 7	3_1	 204 413 209 	
747 	3 7	3_1	 213 409 196 	
748 	3 7	3_1	 206 416 210 	
749 	3 7	3_1	 192 411 219 	
750 	3 7	3_1	 198 409 211 	
751 	3 7	3_1	 199 411 212 	
752 	3 7	3_1	 201 412 211 	
753 	3 7	3_1	 200 408 208 	
754 	3 7	3_1	 197 405 208 	
755 	3 7	3_1	 203 414 211 	
756 	3 7	3_1	 190 415 225 	
757 	3 7	3_1	 204 417 213 	
758 	3 7	3_1	 206 413 207 	
759 	3 7	3_1	 192 423 231 	
760 	3 7	3_1	 200 413 213 	
761 	3 7	3_1	 212 406 194 	
762 	3 7	3_1	 197 418 221 	
763 	3 7	3_1	 204 407 203 	
764 	3 7	3_1	 202 401 199 	
765 	3 7	3_1	 192 399 207 	
766 	3 7	3_1	 185 406 221 	
767 	3 7	3_1	 181 405 224 	
768 	3 7	3_1	 184 416 232 	
769 	3 7	3_1	 187 417 230 	
770 	3 7	3_1	 196 413 217 	
771 	3 7	3_1	 200 426 226 	
772 	3 7	3_1	 193 431 238 	
773 	3 7	3_1	 196 432 236 	
774 	3 7	3_1	 194 434 240 	
775 	3 7	3_1	 188 426 238 	
776 	3 7	3_1	 191 422 231 	
777 	3 7	3_1	 205 429 224 	
778 	3 7	3_1	 204 426 222 	
779 	3 7	3_1	 196 425 229 	
780 	3 7	3_1	 185 432 247 	
781 	3 7	3_1	 177 427 250 	
782 	3 7	3_1	 182 430 248 	
783 	3 7	3_1	 177 431 254 	
784 	3 7	3_1	 181 426 245 	
785 	3 7	3_1	 353 103 250 	
786 	3 7	3_1	 421 101 180 	
787 	3 7	3_1	 164 431 267 		3 7	3_1	 171 438 267 	
788 	3 7	3_1	 170 445 275 	
789 	3 7	3_1	 161 427 266 	
790 	3 7	3_1	 190 435 245 	
791 	3 7	3_1	 157 437 280 	
792 	3 7	3_1	 159 440 281 	
793 	3 7	3_1	 179 445 266 	
794 	3 7	3_1	 159 439 280 	
795 	3 7	3_1	 183 435 252 	
796 	3 7	3_1	 167 438 271 	
797 	3 7	3_1	 157 436 279 	
798 	3 7	3_1	 151 437 286 	
799 	3 7	3_1	 157 441 284 	
800 	3 7	3_1	 171 449 278 	
801 	3 7	3_1	 164 432 268 	
802 	3 7	3_1	 177 433 256 	
803 	3 7	3_1	 171 439 268 	
804 	3 7	3_1	 176 430 254 	
805 	3 7	3_1	 172 425 253 	
806 	3 7	3_1	 170 423 253 	
807 	3 7	3_1	 172 421 249 	
808 	3 7	3_1	 170 428 258 	
809 	3 7	3_1	 179 427 248 	
810 	3 7	3_1	 180 423 243 	
811 	3 7	3_1	 183 410 227 	
812 	3 7	3_1	 182 419 237 	
813 	3 7	3_1	 183 417 234 	
814 	3 7	3_1	 184 421 237 	
815 	3 7	3_1	 180 415 235 	
816 	3 7	3_1	 180 409 229 	
817 	3 7	3_1	 174 413 239 	
818 	3 7	3_1	 178 421 243 	
819 	3 7	3_1	 174 418 244 	
820 	3 7	3_1	 174 422 248 	
821 	3 7	3_1	 163 420 257 	
822 	3 7	3_1	 174 413 239 	
823 	3 7	3_1	 170 419 249 	
824 	3 7	3_1	 175 415 240 	
825 	3 7	3_1	 173 410 237 	
826 	3 7	3_1	 172 421 249 	
827 	3 7	3_1	 179 417 238 	
828 	3 7	3_1	 180 411 231 	
829 	3 7	3_1	 172 420 248 	
830 	3 7	3_1	 162 405 243 	
831 	3 7	3_1	 168 408 240 	
832 	3 7	3_1	 165 416 251 	
833 	3 7	3_1	 162 410 248 	
834 	3 7	3_1	 161 405 244 	
835 	3 7	3_1	 165 414 249 	
836 	3 7	3_1	 161 406 245 	
837 	3 7	3_1	 167 405 238 	
838 	3 7	3_1	 166 413 247 	
839 	3 7	3_1	 172 411 239 	
840 	3 7	3_1	 178 416 238 	
841 	3 7	3_1	 176 418 242 	
842 	3 7	3_1	 179 415 236 	
843 	3 7	3_1	 179 416 237 	
844 	3 7	3_1	 182 406 224 	
845 	3 7	3_1	 185 421 236 	
846 	3 7	3_1	 183 414 231 	
847 	3 7	3_1	 179 419 240 	
848 	3 7	3_1	 177 419 242 	
849 	3 7	3_1	 178 420 242 	
850 	3 7	3_1	 173 430 257 	
851 	3 7	3_1	 178 431 253 	
852 	3 7	3_1	 183 435 252 	
853 	3 7	3_1	 181 424 243 	
854 	3 7	3_1	 180 418 238 	
855 	3 7	3_1	 180 414 234 	
856 	3 7	3_1	 182 421 239 	
857 	3 7	3_1	 179 419 240 	
858 	3 7	3_1	 181 423 242 	
859 	3 7	3_1	 183 423 240 	
860 	3 7	3_1	 180 422 242 	
861 	3 7	3_1	 179 419 240 	
862 	3 7	3_1	 180 414 234 	
863 	3 7	3_1	 182 413 231 	
864 	3 7	3_1	 179 405 226 	
865 	3 7	3_1	 192 400 208 	
866 	3 7	3_1	 194 393 199 	
867 	3 7	3_1	 186 394 208 	
868 	3 7	3_1	 196 390 194 	
869 	3 7	3_1	 192 388 196 	
870 	3 7	3_1	 197 390 193 	
871 	3 7	3_1	 196 402 206 	
872 	3 7	3_1	 202 392 190 	
873 	3 7	3_1	 210 396 186 	
874 	3 7	3_1	 204 402 198 	
875 	3 7	3_1	 208 408 200 	
876 	3 7	3_1	 193 405 212 	
877 	3 7	3_1	 209 405 196 	
878 	3 7	3_1	 205 404 199 	
879 	3 7	3_1	 203 406 203 	
880 	3 7	3_1	 194 433 239 	
881 	3 7	3_1	 161 405 244 	
882 	3 7	3_1	 186 433 247 	
883 	3 7	3_1	 180 420 240 	
884 	3 7	3_1	 184 412 228 	
885 	3 7	3_1	 189 442 253 	
886 	3 7	3_1	 181 445 264 	
887 	3 7	3_1	 175 443 268 	
888 	3 7	3_1	 180 441 261 	
889 	3 7	3_1	 174 432 258 	
890 	3 7	3_1	 182 422 240 	
891 	3 7	3_1	 185 426 241 	
892 	3 7	3_1	 184 432 248 	
893 	3 7	3_1	 196 429 233 	
894 	3 7	3_1	 191 445 254 	
895 	3 7	3_1	 198 437 239 	
896 	3 7	3_1	 203 433 230 	
897 	3 7	3_1	 198 423 225 	
898 	3 7	3_1	 199 430 231 	
899 	3 7	3_1	 205 426 221 	
900 	3 7	3_1	 202 419 217 	
901 	3 7	3_1	 200 408 208 	
902 	3 7	3_1	 208 421 213 	
903 	3 7	3_1	 205 420 215 	
904 	3 7	3_1	 207 413 206 	
905 	3 7	3_1	 210 405 195 	
906 	3 7	3_1	 222 415 193 	
907 	3 7	3_1	 219 418 199 	
908 	3 7	3_1	 214 417 203 	
909 	3 7	3_1	 221 412 191 	
910 	3 7	3_1	 217 418 201 	
911 	3 7	3_1	 218 415 197 	
912 	3 7	3_1	 223 437 214 	
913 	3 7	3_1	 221 442 221 	
914 	3 7	3_1	 222 434 212 	
915 	3 7	3_1	 220 412 192 	
916 	3 7	3_1	 205 409 204 	
917 	3 7	3_1	 218 427 209 	
918 	3 7	3_1	 219 431 212 	
919 	3 7	3_1	 214 430 216 	
920 	3 7	3_1	 206 430 224 	
921 	3 7	3_1	 205 421 216 	
922 	3 7	3_1	 203 418 215 	
923 	3 7	3_1	 209 423 214 	
924 	3 7	3_1	 205 425 220 	
925 	3 7	3_1	 204 422 218 	
926 	3 7	3_1	 208 422 214 	
927 	3 7	3_1	 209 418 209 	
928 	3 7	3_1	 207 414 207 	
929 	3 7	3_1	 208 408 200 	
930 	3 7	3_1	 207 416 209 	
931 	3 7	3_1	 195 409 214 	
932 	3 7	3_1	 195 410 215 	
933 	3 7	3_1	 195 405 210 	
934 	3 7	3_1	 199 399 200 	
935 	3 7	3_1	 195 405 210 	
936 	3 7	3_1	 191 406 215 	
937 	3 7	3_1	 198 410 212 	
938 	3 7	3_1	 198 410 212 	
939 	3 7	3_1	 201 408 207 	
940 	3 7	3_1	 207 409 202 	
941 	3 7	3_1	 199 410 211 	
942 	3 7	3_1	 202 412 210 	
943 	3 7	3_1	 206 408 202 	
944 	3 7	3_1	 197 417 220 	
945 	3 7	3_1	 200 415 215 	
946 	3 7	3_1	 199 417 218 	
947 	3 7	3_1	 198 409 211 	
948 	3 7	3_1	 198 412 214 	
949 	3 7	3_1	 195 411 216 	
950 	3 7	3_1	 197 408 211 	
951 	3 7	3_1	 192 400 208 	
952 	3 7	3_1	 201 405 204 	
953 	3 7	3_1	 199 401 202 	
954 	3 7	3_1	 204 404 200 	
955 	3 7	3_1	 209 407 198 	
956 	3 7	3_1	 208 409 201 	
957 	3 7	3_1	 206 404 198 	
958 	3 7	3_1	 201 397 196 	
959 	3 7	3_1	 196 399 203 	
960 	3 7	3_1	 202 405 203 	
961 	3 7	3_1	 200 408 208 	
962 	3 7	3_1	 202 413 211 	
963 	3 7	3_1	 207 412 205 	
964 	3 7	3_1	 204 408 204 	
965 	3 7	3_1	 207 410 203 	
966 	3 7	3_1	 212 417 205 	
967 	3 7	3_1	 209 418 209 	
968 	3 7	3_1	 207 424 217 	
969 	3 7	3_1	 208 433 225 	
970 	3 7	3_1	 201 423 222 	
971 	3 7	3_1	 210 421 211 	
972 	3 7	3_1	 205 424 219 	
973 	3 7	3_1	 207 423 216 	
974 	3 7	3_1	 203 425 222 	
975 	3 7	3_1	 192 423 231 		3 7	3_1	 200 431 231 	
976 	3 7	3_1	 205 426 221 	
977 	3 7	3_1	 199 432 233 	
978 	3 7	3_1	 139 339 200 	
979 	3 7	3_1	 207 418 211 	
980 	3 7	3_1	 200 418 218 	
981 	3 7	3_1	 156 338 182 	
982 	3 7	3_1	 189 338 149 	
983 	3 7	3_1	 199 407 208 	
984 	3 7	3_1	 200 415 215 	
985 	3 7	3_1	 198 409 211 	
986 	3 7	3_1	 199 407 208 	
987 	3 7	3_1	 194 410 216 	
988 	3 7	3_1	 194 411 217 	
989 	3 7	3_1	 189 408 219 		3 7	3_1	 198 417 219 	
990 	3 7	3_1	 199 416 217 	
991 	3 7	3_1	 201 420 219 	
992 	3 7	3_1	 199 426 227 	
993 	3 7	3_1	 188 431 243 	
994 	3 7	3_1	 204 421 217 	
995 	3 7	3_1	 181 405 224 	
996 	3 7	3_1	 190 425 235 	
997 	3 7	3_1	 194 409 215 	
998 	3 7	3_1	 192 408 216 	
999 	3 7	3_1	 185 427 242 		3 7	3_1	 193 435 242 	
