#Timestep Max1DUnsignedWrithe ArgMax1DUnsignedWrithe Max3DLocalWrithe ArgMax3DLocalWrithe 
0 0.377974 136 4.42237 132
1 0.323434 166 3.62367 127
2 0.253307 27 3.83012 140
3 0.295898 20 4.00691 138
4 0.333986 14 4.0966 158
5 0.374146 442 4.7097 130
6 0.453092 441 4.01171 365
7 0.415947 444 4.08394 132
8 0.465596 452 4.48399 139
9 0.694773 369 4.45266 358
10 0.592539 438 5.24856 178
11 0.670703 443 4.97347 352
12 0.956536 441 5.0638 342
13 0.808693 419 5.04454 416
14 0.605575 415 5.10402 358
15 0.659392 465 4.82099 359
16 0.602027 467 4.16113 365
17 0.602915 407 4.88866 359
18 0.44062 390 4.57404 358
19 0.635638 394 4.48757 365
20 0.441975 159 4.83928 371
21 0.383724 416 4.93061 400
22 0.451939 379 6.12566 391
23 0.334999 386 5.19832 375
24 0.442753 401 5.27456 376
25 0.399686 146 5.86113 185
26 0.436601 154 5.31115 188
27 0.384848 143 5.64318 373
28 0.375955 149 5.35793 372
29 0.511985 490 5.71155 53
30 0.581179 376 5.10993 376
31 0.566887 376 4.68195 351
32 0.583034 420 4.66291 383
33 0.514245 428 4.26189 362
34 0.569357 436 4.73195 354
35 0.56028 429 4.76802 351
36 0.554631 433 4.4153 349
37 0.409783 434 3.76527 345
38 0.409253 322 4.05487 352
39 0.386359 418 4.10004 354
40 0.412973 133 4.02564 359
41 0.444155 135 3.96803 91
42 0.413025 452 4.2855 89
43 0.359564 443 4.35997 348
44 0.309452 450 4.03054 347
45 0.455525 311 3.96782 345
46 0.447038 104 4.61972 90
47 0.439694 232 4.51783 349
48 0.372354 120 4.31567 100
49 0.420221 125 4.57522 85
50 0.380709 226 4.30261 327
51 0.411428 97 4.86913 87
52 0.383827 237 4.68117 331
53 0.297605 473 4.54549 168
54 0.361469 315 4.04752 343
55 0.355637 305 4.47649 345
56 0.335453 454 5.12236 79
57 0.497736 431 4.84171 74
58 0.358429 417 5.12679 332
59 0.318063 272 4.86966 347
60 0.425203 124 4.31752 341
61 0.355968 499 4.21095 351
62 0.451202 106 4.70449 344
63 0.412815 120 4.41572 115
64 0.396269 121 4.19743 347
65 0.416043 418 4.30346 333
66 0.432081 412 4.98064 340
67 0.388626 185 4.09219 344
68 0.488135 168 3.87434 335
69 0.285271 411 3.99181 337
70 0.396339 328 4.57909 340
71 0.406591 173 3.98256 343
72 0.326711 143 3.79885 345
73 0.398325 148 4.2232 344
74 0.679507 151 4.604 354
75 0.460813 149 4.25894 344
76 0.338716 141 3.81177 346
77 0.360562 152 3.65927 338
78 0.296522 237 3.95113 354
79 0.420167 152 3.76162 343
80 0.352816 156 4.15129 338
81 0.260608 253 3.75081 107
82 0.319103 136 3.78248 349
83 0.323092 130 3.61287 345
84 0.471884 154 3.81909 346
85 0.402702 143 3.79123 110
86 0.467749 122 4.11362 114
87 0.403038 135 3.76721 350
88 0.474825 137 4.54364 115
89 0.438644 124 4.0871 120
90 0.345471 130 3.91108 349
91 0.281984 248 4.22386 341
92 0.419974 266 4.33273 335
93 0.431746 169 4.43356 347
94 0.535683 171 3.60863 342
95 0.568753 175 4.02059 339
96 0.466883 165 4.17678 140
97 0.518876 255 5.22786 135
98 0.562713 259 4.63816 135
99 0.416134 281 3.91531 130
100 0.33 282 3.88172 344
101 0.337956 288 3.83933 335
102 0.339682 270 3.81147 126
103 0.36083 275 3.77313 333
104 0.632026 168 4.31216 127
105 0.505863 266 3.88646 338
106 0.495799 166 3.89808 137
107 0.473729 262 3.97958 135
108 0.45355 175 3.79327 136
109 0.40648 176 4.13386 336
110 0.730905 170 4.35888 350
111 0.587144 175 4.10151 341
112 0.751189 172 4.52338 335
113 0.496755 174 3.92686 339
114 0.569195 172 3.92019 131
115 0.711894 170 4.53349 140
116 0.567422 165 4.12726 339
117 0.563585 167 4.4869 342
118 0.5251 164 4.51856 333
119 0.445697 159 4.30997 342
120 0.429045 173 4.65513 340
121 0.512675 165 4.5651 333
122 0.313476 152 4.32058 335
123 0.378481 159 4.69415 327
124 0.459215 120 4.76387 155
125 0.461618 164 4.41585 150
126 0.652716 144 4.30437 160
127 0.741549 176 4.28306 168
128 0.821741 170 4.86444 173
129 0.677973 176 4.25651 171
130 0.759943 177 4.32788 136
131 0.754096 170 4.18309 152
132 0.756634 179 4.66606 151
133 1.00094 170 4.7087 148
134 1.5577 168 5.52448 159
135 0.977775 170 5.3196 143
136 1.05722 171 4.76706 325
137 0.979073 170 4.67161 155
138 0.818777 162 4.61822 156
139 0.713595 171 4.07731 323
140 0.909951 167 4.68235 177
141 0.589936 269 4.62769 319
142 0.900421 174 4.89477 138
143 0.918182 174 4.09866 147
144 0.707551 172 3.91688 146
145 0.904247 166 4.30085 149
146 0.849932 166 4.58083 146
147 0.802103 164 4.11941 315
148 0.923059 162 4.68697 146
149 0.772368 160 4.41945 166
150 0.944594 158 4.75803 163
151 0.87516 154 4.56174 151
152 0.989338 157 4.73852 149
153 1.4871 147 5.10447 146
154 1.17533 148 4.80682 142
155 1.19787 145 4.82028 137
156 1.11085 154 5.01683 145
157 1.42323 157 5.09081 139
158 1.23692 159 4.86659 146
159 1.22874 165 4.71258 145
160 0.914828 162 4.57605 176
161 1.26802 163 5.0056 176
162 0.985347 162 4.63795 172
163 0.84487 155 4.38779 167
164 0.544081 155 3.97115 141
165 0.541952 357 4.2044 315
166 0.550919 353 4.48989 324
167 0.693408 346 4.8785 326
168 0.558551 351 4.41249 328
169 0.424936 354 3.65018 143
170 0.39526 346 3.73065 139
171 0.527855 350 3.80418 140
172 0.58481 343 4.21359 141
173 0.575689 344 3.91406 133
174 0.490683 154 4.21187 137
175 0.453258 331 4.12386 130
176 0.354625 314 3.62155 336
177 0.648019 157 4.3674 128
178 0.607231 160 4.0682 130
179 1.10529 156 4.67712 129
180 0.503499 150 3.73713 131
181 0.571114 169 4.47251 135
182 0.479542 348 3.95001 128
183 0.431383 346 3.80424 152
184 0.44952 348 3.93072 181
185 0.63227 152 3.87172 334
186 0.659934 341 4.88035 336
187 0.912731 346 4.85747 345
188 0.859687 340 4.54337 325
189 0.749349 342 5.0469 345
190 0.601644 340 4.75023 340
191 0.698807 340 4.74391 341
192 0.612864 333 4.88754 336
193 0.684201 346 4.16727 350
194 0.926338 348 4.5503 354
195 0.767544 348 4.73343 349
196 0.672582 343 4.85071 348
197 0.523563 346 4.50685 353
198 0.546798 158 4.34799 339
199 0.609791 150 4.79203 343
200 0.487297 159 4.39692 149
201 0.560881 161 4.22601 346
202 0.686615 161 4.00123 347
203 0.780153 155 4.21 350
204 0.499098 154 3.671 340
205 0.450322 130 3.91095 132
206 0.446606 137 3.70285 335
207 0.45884 135 3.96881 129
208 0.420571 162 4.05462 337
209 0.517115 149 4.26755 136
210 0.517818 158 4.25231 349
211 0.536585 153 3.91795 346
212 0.469809 154 4.05932 130
213 0.464961 160 3.85801 336
214 0.472821 166 3.86889 335
215 0.516897 166 3.8716 132
216 0.48629 157 3.76411 343
217 0.680882 160 4.05793 131
218 0.703547 164 4.35213 340
219 0.601032 162 4.00944 338
220 0.763151 163 4.60266 159
221 0.583608 151 4.06024 147
222 0.592051 159 4.00272 336
223 0.558481 159 4.07206 342
224 0.510592 370 4.07343 168
225 0.610768 24 4.0964 159
226 0.571915 156 4.28018 168
227 0.746903 162 4.45626 162
228 0.582868 166 4.61978 166
229 0.633415 173 4.58445 163
230 0.611454 171 4.48647 154
231 0.616769 447 4.32586 162
232 0.566864 161 5.04268 160
233 0.720564 374 4.47884 160
234 1.16524 375 5.4308 152
235 1.30137 369 5.31239 153
236 1.02391 369 4.80132 154
237 0.817798 364 4.6262 382
238 0.744784 370 4.41603 357
239 0.632293 367 4.9062 166
240 0.63283 371 4.76213 170
241 0.754196 361 5.4115 163
242 0.938243 359 5.15778 166
243 1.09761 358 5.29862 335
244 0.675181 363 5.21943 160
245 0.910341 357 5.03929 348
246 1.01106 360 5.17069 351
247 0.910344 364 4.94009 169
248 1.14058 358 5.37088 339
249 1.22521 359 5.98629 338
250 1.24444 370 6.2217 169
251 1.70946 364 6.14691 166
252 1.61965 365 5.14678 389
253 1.68786 361 5.95117 347
254 2.06911 367 6.09817 392
255 1.71352 360 5.54262 168
256 1.33027 358 5.88638 166
257 1.26105 359 5.77368 162
258 1.44854 364 5.30997 161
259 1.16878 359 5.40532 395
260 1.48259 361 5.25789 401
261 1.38029 361 5.73121 402
262 1.88669 361 5.28093 335
263 1.66343 365 5.16034 391
264 1.94817 362 5.5324 336
265 1.68636 369 6.4573 330
266 1.6941 368 5.5674 355
267 1.8615 370 5.91305 364
268 1.60603 376 5.01905 402
269 1.47404 379 4.88167 364
270 1.57313 377 5.51378 156
271 1.54506 380 5.60552 360
272 1.75135 377 5.42201 360
273 1.42083 376 5.26573 357
274 1.08713 371 5.29224 355
275 1.6474 374 5.62925 357
276 1.4026 376 5.43621 355
277 1.04656 377 5.31627 355
278 0.733776 365 5.36375 351
279 1.1164 377 5.73232 356
280 0.948471 377 4.63793 360
281 0.930673 378 4.57534 169
282 1.15416 376 5.18187 360
283 1.50556 377 5.17943 364
284 1.62616 381 5.23813 365
285 0.985991 380 4.67983 167
286 0.939791 384 5.19416 159
287 1.03726 377 5.38004 358
288 1.23131 382 5.12575 157
289 1.33771 372 5.20681 347
290 1.17943 372 4.73478 354
291 1.58401 370 6.0431 357
292 1.17919 372 5.34891 150
293 1.42375 377 6.41017 152
294 1.28753 373 4.84181 159
295 1.36865 366 5.06662 394
296 1.48625 373 5.06098 331
297 0.907996 359 4.81276 388
298 1.46259 367 4.89517 390
299 1.88388 364 6.0254 383
300 1.46461 360 5.38779 347
301 1.74045 357 5.76355 342
302 1.53225 408 6.03157 372
303 1.47847 355 5.27562 335
304 1.32569 360 5.03236 385
305 1.31801 357 5.31983 152
306 1.34452 357 5.8809 332
307 0.875757 375 5.2167 336
308 0.945218 365 5.33408 337
309 1.05875 363 5.00893 335
310 0.940705 365 5.48034 340
311 1.06362 366 6.00241 340
312 1.27151 366 6.19413 340
313 0.906431 360 5.03633 331
314 0.96923 357 5.53429 160
315 1.27246 359 6.19873 361
316 1.54507 358 7.213 355
317 1.03098 352 7.0037 356
318 1.00993 350 5.40143 362
319 1.27335 356 5.56694 368
320 1.51631 354 5.30609 369
321 1.43353 355 5.25662 344
322 1.15413 356 4.67427 333
323 1.0858 355 4.92756 366
324 1.46561 355 6.15676 327
325 1.03673 351 5.2407 165
326 1.29103 349 4.98014 320
327 1.30757 351 5.42042 330
328 1.43309 357 5.47551 335
329 1.22471 354 5.7255 335
330 1.53457 356 6.28505 335
331 2.29859 353 7.8873 327
332 1.5983 348 7.35998 325
333 1.14556 362 6.02524 327
334 1.01594 355 4.99845 330
335 1.18701 351 5.42038 327
336 1.13317 358 4.83038 333
337 0.931587 364 5.97679 332
338 1.06837 368 5.84726 333
339 1.82091 373 5.95874 338
340 1.29418 367 6.01804 342
341 1.48076 366 5.31042 340
342 1.57333 353 6.27649 331
343 1.79662 359 6.58701 332
344 1.74947 357 5.79491 332
345 1.6799 363 5.54678 343
346 1.68105 362 5.82563 344
347 1.27732 365 5.2744 192
348 1.30789 362 5.04872 360
349 1.11435 361 5.35458 365
350 1.24489 362 4.8921 355
351 1.091 370 5.73707 358
352 0.844203 366 6.05351 196
353 0.998794 370 5.88337 193
354 1.01595 357 5.1312 356
355 1.05657 360 5.24017 360
356 1.53633 367 5.40419 348
357 1.36763 357 5.04834 341
358 1.27378 367 4.68847 348
359 1.15878 360 5.44767 349
360 1.28671 362 5.71144 367
361 1.73619 355 6.1806 352
362 1.06485 358 5.30326 366
363 0.869364 366 4.95251 354
364 1.35973 366 5.67294 352
365 1.55436 366 5.61049 346
366 1.25013 363 5.54607 353
367 1.49233 368 6.10451 363
368 1.34055 362 5.37192 353
369 1.24198 367 4.49024 346
370 1.70934 368 5.3409 348
371 1.62196 360 5.02635 336
372 1.552 361 5.4423 342
373 1.26936 362 4.6817 340
374 1.67889 364 5.19153 346
375 1.75442 368 5.03865 345
376 1.62468 363 5.38235 348
377 1.46757 365 4.89469 343
378 1.41442 360 5.32638 380
379 1.59243 365 4.88112 390
380 1.56346 363 4.88 336
381 1.56187 367 4.621 349
382 1.71894 364 5.77813 380
383 1.63261 369 5.65657 359
384 1.57728 360 5.4708 377
385 1.65697 372 5.68113 362
386 1.61686 375 5.6433 360
387 1.61863 369 5.74048 357
388 1.66539 368 6.19084 363
389 1.46511 377 5.67386 368
390 1.45287 378 5.95931 371
391 1.34398 372 5.42558 380
392 1.32596 370 5.55363 382
393 1.04551 376 5.63495 378
394 1.4163 374 6.27518 373
395 1.37562 378 6.28358 370
396 1.99925 384 6.99387 401
397 1.40758 385 6.59971 186
398 1.16703 377 6.11163 378
399 1.39325 382 5.38585 180
400 1.25105 389 6.01585 184
401 1.64884 382 5.37337 366
402 1.18195 383 6.61692 380
403 0.900848 381 5.62261 380
404 1.15193 383 5.3175 383
405 1.62276 385 5.74866 375
406 1.39338 388 5.59601 383
407 1.49178 389 6.11542 371
408 1.21277 391 5.30011 389
409 1.36863 384 5.41011 371
410 1.2791 381 5.12611 367
411 1.11196 255 5.51112 376
412 1.51411 382 6.32208 376
413 1.29988 374 6.38636 376
414 1.5637 373 6.07735 376
415 1.5398 367 6.00411 377
416 1.32008 373 5.52205 384
417 1.12839 377 5.07189 388
418 1.36555 386 5.42242 389
419 1.39391 383 5.41092 391
420 1.21207 379 5.11843 390
421 1.00051 385 5.51282 386
422 0.72933 384 5.24423 385
423 0.766156 390 6.24027 387
424 0.673567 358 5.65174 181
425 0.93812 371 6.12149 181
426 1.00423 255 5.47959 386
427 0.838599 387 5.96453 387
428 0.978643 384 5.81353 388
429 1.20107 383 6.54932 182
430 1.74967 395 5.64399 376
431 1.69282 394 5.72468 380
432 1.32914 390 5.18961 183
433 1.1713 386 5.04143 178
434 1.13076 388 5.10526 383
435 1.07768 388 5.25614 392
436 1.03819 384 5.29032 380
437 0.720833 384 5.4439 382
438 1.11377 381 5.51961 386
439 1.06504 385 5.62163 388
440 1.16765 383 5.6353 178
441 1.42569 379 5.88773 381
442 1.00356 381 5.61323 385
443 0.646307 237 4.88901 387
444 0.772835 383 5.29602 390
445 1.27667 388 6.82615 388
446 1.06221 396 5.49285 389
447 0.806636 233 5.43777 389
448 0.80274 225 6.08214 389
449 0.931038 380 5.94811 386
450 1.02031 390 6.16573 390
451 0.876295 399 6.26135 387
452 1.15043 390 6.77406 394
453 0.76664 386 5.72201 393
454 1.01195 262 5.68292 191
455 1.54547 376 5.49564 388
456 1.43016 383 5.35719 385
457 1.05231 384 5.28191 383
458 0.857621 381 5.69231 381
459 0.867376 380 5.97539 379
460 1.27019 387 5.35536 382
461 1.08793 383 5.38999 198
462 0.940214 380 5.46867 386
463 0.846811 391 5.37781 186
464 1.31433 384 5.86866 387
465 1.45965 386 6.42877 394
466 1.35813 391 5.90207 389
467 1.67219 384 6.64613 385
468 1.78261 281 5.74915 380
469 1.84105 385 5.88339 390
470 1.89017 382 5.89474 374
471 1.64251 377 5.59594 391
472 1.73321 388 5.344 390
473 2.08078 379 5.96653 388
474 1.88017 375 5.86074 362
475 1.62916 378 5.70368 386
476 1.44933 381 5.36989 384
477 1.07364 376 5.09969 384
478 1.10087 376 5.3925 383
479 1.05095 376 5.28349 391
480 1.14155 379 5.15034 391
481 1.15238 390 5.93308 386
482 0.97798 390 4.92871 387
483 0.871335 384 5.31751 389
484 0.793923 387 4.43161 203
485 0.723352 385 5.02395 190
486 0.967721 391 4.77761 191
487 0.868821 398 4.57082 366
488 0.929546 395 5.05521 209
489 1.18827 394 4.77854 210
490 1.08758 392 5.20371 201
491 0.943877 396 4.4653 203
492 1.18316 389 4.76009 400
493 1.25914 379 4.9025 396
494 1.17658 388 4.93129 401
495 1.07333 284 4.709 385
496 1.24468 380 4.68202 402
497 1.35618 379 4.89745 405
498 1.53421 390 5.45308 411
499 1.47871 395 5.41585 420
500 1.5185 403 5.14354 417
501 1.30346 401 4.6481 386
502 1.21202 275 4.90172 229
503 1.11475 272 4.73103 229
504 1.05271 399 5.06052 386
505 1.0641 276 5.31735 391
506 0.891718 270 5.20568 394
507 1.2029 389 4.55022 365
508 0.789907 267 5.95056 398
509 1.29782 268 5.57454 402
510 1.0785 269 4.45435 372
511 0.791099 398 4.94392 410
512 1.17243 397 4.44202 372
513 1.53281 396 5.27006 374
514 1.63708 400 4.76754 376
515 1.47147 398 4.94556 373
516 1.31752 398 4.54713 370
517 1.30013 398 4.71004 372
518 1.27979 393 4.86432 409
519 1.37317 392 4.62689 412
520 1.25173 395 4.8291 407
521 1.26945 394 5.20164 411
522 1.69281 395 5.55011 381
523 1.77887 392 5.36781 413
524 1.85122 391 5.25568 413
525 1.69339 389 5.40196 408
526 1.63755 391 5.65601 398
527 1.54855 383 5.26574 394
528 1.5533 384 5.97253 394
529 1.31081 378 5.5614 389
530 1.36062 393 5.32009 390
531 1.39025 379 5.16626 405
532 1.43287 382 5.25664 393
533 1.31089 371 5.37442 392
534 1.35596 369 5.53863 393
535 1.74577 370 6.19282 393
536 1.58302 376 5.96917 396
537 1.07101 372 5.77141 397
538 1.28649 275 6.22938 397
539 1.57849 381 6.38745 402
540 1.33068 386 5.90433 400
541 1.30834 274 5.68008 400
542 1.38753 279 5.57343 399
543 1.25208 390 5.76959 396
544 1.31024 382 5.6588 397
545 1.84481 379 5.80416 398
546 1.15568 382 5.82563 407
547 1.28858 389 5.92808 398
548 1.72625 397 5.2161 374
549 1.69015 394 5.29236 390
550 1.39088 398 5.28915 222
551 1.28527 395 5.3144 226
552 1.159 395 5.00442 218
553 1.34826 399 5.84361 386
554 1.78497 392 5.93301 381
555 1.67982 395 6.15925 383
556 1.8667 394 5.99115 378
557 1.8386 389 6.31568 374
558 1.90129 392 6.21048 384
559 2.02735 391 6.82211 396
560 1.94059 388 6.06772 390
561 2.16951 394 6.53704 390
562 2.04007 393 6.03575 384
563 1.8664 393 6.13693 404
564 2.02097 394 5.53344 379
565 2.09943 394 5.8951 375
566 2.16108 401 6.20207 378
567 2.16559 394 6.03718 380
568 2.0009 399 6.09877 385
569 2.02974 399 5.75661 386
570 2.19187 396 5.54523 389
571 1.62458 398 5.24203 392
572 1.78724 401 5.46794 384
573 1.89841 401 5.73671 386
574 1.90132 396 5.4125 382
575 1.80574 393 5.19786 382
576 1.85852 395 4.9684 379
577 2.49709 394 5.5747 375
578 1.61433 400 5.58469 381
579 1.66052 396 5.27874 387
580 1.48768 400 5.73988 358
581 1.98087 398 6.28186 374
582 1.78231 400 5.92042 375
583 1.69836 399 5.79951 372
584 1.78283 402 5.59134 194
585 1.73207 404 7.07562 187
586 1.76291 405 5.69597 200
587 1.63521 396 5.7557 447
588 1.60214 402 5.34242 451
589 1.66912 401 5.89334 450
590 1.71307 402 5.81654 446
591 1.73957 402 5.41292 374
592 1.38421 395 4.55915 378
593 1.45365 395 4.81456 371
594 1.57123 396 5.35413 385
595 1.24897 395 6.21747 193
596 1.51348 404 5.03586 187
597 1.32276 392 5.01909 188
598 1.61687 395 5.32802 376
599 1.67415 396 4.86496 438
600 1.35929 398 4.79728 431
601 1.44391 404 4.85206 393
602 1.57308 404 5.02782 201
603 1.29825 399 4.8378 206
604 1.49301 400 5.6623 436
605 1.49658 398 4.82319 380
606 1.13489 399 5.35652 193
607 0.930469 394 4.88073 194
608 1.33141 395 4.98783 392
609 1.5937 400 7.03745 401
610 1.30686 395 5.70355 400
611 1.37997 400 5.46951 186
612 1.5644 399 4.78962 421
613 1.34642 396 5.34279 190
614 1.27476 390 4.74965 189
615 1.18907 397 5.61379 186
616 1.15717 403 5.25263 190
617 0.946291 396 4.94565 194
618 1.09404 404 4.89748 195
619 1.38233 400 4.47992 188
620 0.726977 401 4.70253 193
621 0.859791 396 4.50869 187
622 1.01138 394 5.26677 187
623 1.33803 394 4.55693 187
624 0.998733 393 4.43591 180
625 1.03645 391 4.06099 186
626 1.24191 394 4.5167 184
627 1.5732 394 4.73747 411
628 1.48709 395 4.49478 187
629 1.2599 402 4.15254 405
630 1.10487 396 4.06611 400
631 1.20947 394 4.05054 376
632 1.41999 389 4.36343 370
633 1.35545 394 4.80963 382
634 1.49474 391 4.84922 380
635 1.63593 402 4.64428 379
636 1.55865 405 5.12881 417
637 1.38257 405 5.32697 387
638 1.01362 413 4.94878 183
639 0.981022 400 5.05418 395
640 0.876678 392 4.43474 184
641 1.1084 403 4.36077 378
642 1.63211 407 4.93835 434
643 0.983396 409 4.09314 441
644 1.38945 408 4.49631 371
645 0.890133 408 4.82145 371
646 0.791438 409 4.23227 372
647 0.734342 406 4.47505 175
648 0.591578 395 4.37851 182
649 0.633834 398 4.86443 183
650 0.555754 389 4.19399 175
651 0.421371 410 4.06786 177
652 0.482079 398 4.72225 178
653 0.438 407 4.04018 181
654 0.500993 400 4.28065 178
655 0.586851 408 4.31283 177
656 0.645326 404 4.78418 173
657 0.659367 402 4.6628 180
658 0.769516 394 4.5556 173
659 0.928701 395 5.07747 174
660 0.915356 401 4.97571 402
661 1.07427 394 5.59843 175
662 1.3456 407 5.31396 394
663 1.13148 404 5.05794 396
664 0.709599 417 5.38964 394
665 0.770852 404 5.24279 393
666 0.826611 392 5.71484 188
667 0.584263 391 5.18422 394
668 0.587479 397 5.40657 188
669 0.714086 43 5.74645 185
670 0.852844 395 5.603 185
671 1.28668 401 6.74022 400
672 1.34954 411 6.42812 399
673 0.930719 404 6.04069 397
674 0.837191 402 5.69559 403
675 0.65721 406 5.41552 404
676 0.761655 54 5.4775 402
677 0.796231 56 5.48772 397
678 0.502613 435 5.23898 394
679 0.470321 45 5.29842 392
680 0.778616 295 5.6185 393
681 0.632091 406 5.5441 398
682 0.71645 418 5.39124 209
683 0.570884 420 5.73212 402
684 0.649265 406 5.74006 400
685 0.622327 409 5.15237 400
686 0.629357 415 4.83788 400
687 0.715436 402 5.3935 398
688 0.613474 40 5.27511 395
689 0.964684 393 5.45409 399
690 0.728005 404 5.46899 391
691 0.921488 404 5.21761 396
692 0.630191 404 4.80398 394
693 0.540355 125 4.59063 390
694 0.694623 414 4.99272 388
695 0.662472 117 4.96629 388
696 1.09564 120 4.65107 394
697 1.63329 110 5.21951 190
698 1.50777 107 5.21102 396
699 1.186 120 4.88488 193
700 1.32865 118 5.58374 382
701 1.49556 402 5.4559 380
702 1.21154 114 4.9293 383
703 1.16528 403 5.79039 380
704 1.0063 405 5.91691 378
705 1.19731 405 6.16121 378
706 0.859122 411 6.31705 372
707 0.848313 414 6.04767 380
708 1.02001 411 6.22828 457
709 1.17595 406 6.94364 455
710 1.27299 404 6.37219 452
711 1.264 120 6.31557 454
712 1.46195 398 5.76428 375
713 0.946513 411 5.61846 366
714 0.587789 407 5.01147 380
715 0.780976 403 5.86245 385
716 0.929535 403 6.60184 457
717 0.695746 26 5.72607 458
718 0.936743 407 6.40599 445
719 0.816351 404 5.26153 378
720 1.092 110 4.79405 92
721 0.988195 115 5.14951 113
722 0.771643 104 4.9653 440
723 0.821827 278 5.38192 442
724 0.666289 386 5.04212 377
725 0.864193 384 5.14548 436
726 0.571498 33 5.04556 103
727 1.23955 33 5.2746 107
728 1.03379 38 5.70504 458
729 0.902356 41 5.73672 110
730 1.73724 42 5.57711 96
731 0.905901 38 5.57967 206
732 0.653101 39 5.59377 444
733 0.808589 39 5.13423 440
734 0.987259 40 4.74782 438
735 1.00212 39 5.20487 438
736 0.664824 41 5.41413 435
737 0.555589 135 5.38684 450
738 1.44007 37 5.67956 468
739 0.567731 138 5.60957 464
740 0.713446 388 5.36263 452
741 1.33604 37 6.41682 103
742 0.673274 283 5.49328 454
743 0.525053 41 5.79819 119
744 0.546286 38 4.63983 107
745 0.853989 38 5.26939 109
746 0.49555 125 4.94503 120
747 0.924789 373 5.39485 109
748 0.841681 376 5.44762 446
749 0.601437 377 5.28429 119
750 0.705066 373 5.73205 118
751 0.704568 380 5.87776 106
752 0.795924 372 5.50061 112
753 1.03272 121 5.10588 114
754 0.943797 123 5.46146 111
755 0.757572 113 5.23275 101
756 0.589089 43 5.53108 426
757 0.797091 39 5.32975 446
758 1.55183 45 6.23572 98
759 1.1202 44 6.31827 446
760 1.24966 46 5.6885 441
761 1.4017 48 6.20559 440
762 1.40576 372 6.63672 440
763 1.28761 41 6.2871 98
764 1.23539 46 5.99207 103
765 1.49583 49 6.30935 96
766 1.56905 54 6.63319 93
767 1.35253 46 5.58645 434
768 1.69867 43 5.75451 97
769 1.08642 47 5.4697 439
770 1.44689 49 5.60022 457
771 1.69468 43 6.46109 457
772 1.28737 51 6.3996 452
773 1.31029 52 6.11632 97
774 1.64255 113 7.92784 119
775 1.43713 117 7.46304 106
776 1.4024 55 7.12519 108
777 1.29914 123 7.68091 120
778 1.59834 59 7.1326 120
779 1.94842 58 7.12654 122
780 1.8387 61 7.91797 124
781 1.92116 66 7.39933 119
782 1.67911 56 6.60908 111
783 1.83885 73 6.95244 113
784 1.35725 59 7.42995 486
785 1.00701 63 6.82725 472
786 0.86429 62 5.76745 491
787 1.17092 54 5.62686 458
788 0.966108 4 6.76541 451
789 1.43725 39 6.56566 449
790 0.960022 129 6.68328 450
791 1.07537 43 7.4503 458
792 1.49103 37 6.25499 476
793 1.27848 38 5.86269 346
794 1.27386 43 5.44399 456
795 1.51078 46 5.28117 315
796 1.43392 41 5.77628 448
797 1.52413 40 6.25997 322
798 1.4169 43 6.71646 326
799 1.75495 46 5.61168 332
800 2.49269 41 5.7573 439
801 2.07401 49 5.79574 439
802 1.88149 42 5.66727 443
803 1.99107 47 5.573 443
804 1.4814 53 5.3693 444
805 1.53401 57 5.30224 445
806 2.05056 56 5.07823 160
807 1.50737 54 5.38421 441
808 1.12225 57 5.3312 444
809 0.80105 60 5.40168 445
810 0.978434 55 4.94593 443
811 0.841006 57 5.27861 167
812 0.914443 56 5.67041 168
813 1.07045 47 4.96622 163
814 1.10055 55 5.34487 166
815 1.02342 43 5.38479 166
816 1.46813 52 6.39718 163
817 0.980453 48 6.56798 168
818 1.00829 51 5.26126 167
819 1.40877 59 5.29231 155
820 1.69577 39 5.40447 160
821 1.79933 47 5.20837 329
822 1.82344 39 5.13564 18
823 2.46249 40 4.7377 19
824 2.41947 43 4.53039 10
825 2.38751 46 4.85406 161
826 1.48573 43 4.99212 162
827 1.68821 37 4.64567 165
828 1.85833 44 4.87745 165
829 2.01689 40 5.15359 138
830 2.06141 39 4.78737 159
831 1.72253 41 5.39249 458
832 1.88695 51 4.99761 467
833 1.93444 53 4.76063 464
834 1.68936 52 5.35234 328
835 1.71406 49 4.84564 492
836 1.7199 57 4.7737 335
837 1.87281 49 5.01434 315
838 1.5432 52 4.66386 310
839 0.823683 53 4.78474 318
840 1.08595 51 4.84895 459
841 1.1449 52 4.9526 441
842 1.31716 52 4.77778 445
843 1.1168 52 4.95085 329
844 0.815468 47 4.32016 433
845 0.644337 44 4.44775 444
846 1.12775 47 4.71557 441
847 1.26197 48 4.0101 314
848 0.532308 52 4.53921 309
849 0.582824 268 5.09303 437
850 0.517507 56 5.98598 438
851 0.590608 54 5.06925 337
852 0.538964 45 4.86144 444
853 0.380794 443 4.7126 330
854 1.28992 56 5.01884 320
855 0.967058 51 4.3751 320
856 0.581278 51 4.49094 317
857 0.626847 52 4.60065 307
858 1.1242 53 5.23491 304
859 1.24188 49 5.14483 320
860 1.31797 50 4.36 323
861 1.01584 52 4.70082 315
862 0.939564 43 4.81313 315
863 1.21524 41 4.11577 317
864 1.47895 35 3.80752 321
865 1.50706 34 4.70069 321
866 1.56639 36 4.38473 318
867 1.28475 47 3.8481 322
868 1.56294 40 3.83421 320
869 1.55015 44 4.73378 317
870 1.42273 44 4.46636 316
871 0.945897 43 4.1557 316
872 1.02806 37 4.85107 204
873 0.738281 364 4.5159 206
874 0.80298 42 4.55693 322
875 0.919971 50 4.48334 197
876 0.967775 46 5.88893 196
877 1.17258 44 5.09168 309
878 1.41324 374 5.55738 389
879 2.33697 365 6.64899 384
880 1.81768 365 5.26249 321
881 1.66281 364 6.11837 389
882 2.55736 365 6.7976 320
883 1.61796 364 5.58708 397
884 1.79246 366 5.95622 388
885 2.21966 373 7.22136 359
886 1.50458 365 5.93842 389
887 1.94549 363 6.67031 391
888 1.69137 366 6.16126 322
889 2.08925 366 6.18721 319
890 1.78173 370 5.28833 324
891 1.42975 369 5.45081 324
892 1.96224 373 6.17341 411
893 1.31165 373 5.29318 413
894 1.16355 369 5.1619 321
895 0.613206 51 4.36922 317
896 0.410073 300 5.07034 314
897 0.645974 374 4.91334 312
898 0.724003 371 4.93017 309
899 0.553613 367 5.10416 312
900 0.597833 374 4.33509 317
901 0.669892 384 4.82102 188
902 0.645415 375 4.05796 422
903 0.443747 380 4.44365 317
904 0.52934 378 4.35282 318
905 0.481541 361 4.52248 198
906 0.493173 378 4.47898 314
907 0.552922 363 4.40076 316
908 0.56773 382 4.82342 418
909 0.436494 389 4.66311 421
910 0.471812 375 4.78698 418
911 0.490988 249 4.54933 204
912 0.347152 381 4.17902 419
913 0.374808 247 4.70484 321
914 0.708933 242 4.97021 216
915 0.514537 375 5.11044 203
916 0.66481 241 5.27626 206
917 0.464642 295 5.23818 413
918 0.452744 483 5.76782 415
919 0.513246 301 5.14385 422
920 0.603728 309 5.82476 415
921 0.72617 370 5.14685 409
922 0.977304 367 6.28496 410
923 0.740339 464 5.69525 407
924 0.678641 234 5.17456 410
925 0.595035 371 5.46983 407
926 0.529329 371 5.04487 409
927 0.536105 440 4.93628 407
928 0.980634 364 5.46884 402
929 1.14727 368 5.46338 426
930 0.928372 8 5.0793 411
931 1.07328 362 5.22726 316
932 1.27631 362 5.5702 407
933 1.02508 7 4.87506 403
934 1.21703 355 4.94603 204
935 1.08232 355 4.70555 313
936 1.30613 364 4.66914 318
937 0.810333 360 3.75092 197
938 0.686563 5 3.66334 407
939 1.06467 258 4.51775 407
940 1.0274 5 4.50293 408
941 0.937081 364 4.39863 316
942 0.620826 248 4.35956 201
943 0.622153 356 4.0309 207
944 0.816448 7 4.36393 322
945 0.84686 4 3.86108 192
946 0.572742 0 3.89877 316
947 0.692926 369 4.11168 209
948 0.676563 368 3.4947 332
949 0.863109 371 3.80733 333
950 0.682545 364 3.43936 212
951 0.845217 363 3.50207 335
952 1.08139 363 3.85365 337
953 0.911496 365 5.21774 215
954 0.904931 364 4.24485 206
955 0.91401 359 4.07371 410
956 0.949978 358 4.33276 397
957 0.947096 357 3.95837 395
958 1.00689 356 4.23842 211
959 1.26432 358 4.14502 387
960 0.917302 360 4.32103 412
961 0.937084 359 4.21853 406
962 1.54522 363 4.63295 398
963 1.36793 365 4.7706 399
964 1.43326 361 4.36779 324
965 1.08402 362 5.23181 415
966 0.695455 362 4.37603 211
967 0.686541 279 4.18949 417
968 0.502475 8 3.66494 313
969 0.377827 7 4.09334 411
970 0.586964 7 4.08288 415
971 0.54686 358 4.19856 312
972 0.470632 14 4.11793 309
973 0.405091 138 3.68176 416
974 0.522066 354 4.44257 318
975 0.655704 355 4.82493 197
976 0.880204 356 4.852 322
977 0.775235 364 5.24212 323
978 0.873223 364 5.94535 326
979 0.816137 368 5.17733 405
980 0.917995 364 5.51373 218
981 0.763705 374 5.57302 332
982 0.974222 370 6.45378 214
983 0.764864 368 5.70106 219
984 0.878892 375 5.05375 422
985 0.802936 231 5.58664 226
986 0.665144 223 5.2207 314
987 0.747032 373 5.21261 422
988 0.68314 373 5.17228 419
989 0.616311 253 4.75703 204
990 0.738588 249 4.92703 420
991 0.851708 254 5.49419 423
992 0.645342 248 5.28548 422
993 0.626362 246 4.67425 197
994 0.721457 256 4.51578 420
995 0.611622 252 4.87036 420
996 0.502328 226 5.03197 208
997 0.473757 248 4.94627 214
998 0.676308 243 5.46904 428
999 0.796626 250 5.83141 207
